[63, 62, 143, 184]
[147, 146, 41, 57, 65]
[196, 148, 129, 130, 139]
[141, 188, 43]
[105, 97, 98, 99, 101]
[102, 104, 100, 103, 50]
[52, 53, 51, 85]
[86, 135, 4, 150]
[5, 6, 136]
[132, 131, 133, 3, 58]
[49, 46, 47, 48, 44]
[149, 161, 17, 22, 23]
[155, 181, 15]
[183, 42, 87]
[84, 75, 70, 174]
[40, 13, 14, 16, 20]
[39, 21, 18, 19, 24]
[38, 25, 26, 27, 28]
[37, 31, 32, 33, 34]
[30, 29, 35, 36, 163]
[182, 162, 55]
[83, 81, 82, 80]
[180, 151, 152, 178, 179]
[171, 153, 157, 158, 159]
[170, 160, 164, 165, 166]
[169, 167, 168, 156, 61]
[172, 198, 199, 45]
[60, 9, 64, 54]
[69, 67, 68, 56]
[12, 11, 78, 76, 77]
[59, 2, 91, 107, 1]
[175, 142, 10, 128, 144]
[177, 176, 66, 72, 73]
[187, 140, 186, 189]
[95, 94, 96, 7, 134]
[197, 8, 137, 145, 93]
[191, 190, 74, 108]
[185, 200, 201, 202, 203]
[204, 71, 92, 138]
[193, 79, 124, 125, 126]
[154, 114, 117, 118, 121]
[123, 116, 119, 120, 122]
[106, 115, 109, 110, 111]
[113, 112, 194, 195, 173]
[192, 89, 127, 88, 90]
